0.9385638406999122
0.7024388674766986
0.7074524650694196
0.679820406647549
1.2563594075895983
0.7410284586241087
0.6840250656804775
1.2916666211735892
0.01719537443738917
-2.2944322244803734
0.006658824798635656
-0.24851929233934786
0.0027994644271242064
-0.11852713928941698
0.010639941804556687
2.156506273350016e-6
0.01612685849178169
-0.021663371267065405
-0.0036365431149252684
9.505416231795621e-7
0.0010979645291942129
0.03912113642176854
-0.008524580497483763
0.207045052101126
0.01898082382002285
0.19404307048884417
0.004563513541791413
-0.7226706835880832
-0.03177780990892265
0.1216381893629189
-0.013248139626641642
-0.119922309700146
0.016580543829009173
0.08024147879020446
9.641952617793457e-5
0.0226486964736275
-1.0183681379151797
0.022322273009105355
-0.006842514079977249
0.46462195303190823
0.6563175593609426
0.8770346278507952
0.9054566810559515
0.8041926774170567
0.7473074405206048
0.8353933365328163
0.89728269614246
0.7084244298564686
-0.0755776921379358
0.00207524024128295
2.032710190582949e-7
0.24075881401883722
0.2896782992981031
0.038575580938882394
0.004042853722063337
0.20547653693776938
-0.17285658207446072
0.14115076812688937
0.19880669412682628
-0.08443448591478772
-0.011692761507938597
0.040850072123445116
0.2000803674374667
-0.14433696287357686
0.2911250497383909
